DFF 1.0									
									
	IG-XL Version		8.30.02_uflx (P402) 03.07.19.12.16						
	Test Program		\\adblntap.adbldesign.analog.com\PTEAMS\00_Projects\13_ADIN1300\03_Debug\prgm\ADIN1300.xlsm						
	Date		43635.6423611111						
	User		vsomasun						
	Computer Name		ADBL-UFLX-070						
	Computer OS		Windows 7 Service Pack 1						
	Computer Speed		~3292 MhzGenuineIntel Intel64 Family 6 Model 45 Stepping 7 (8 Processor(s))						
	Computer Memory		8310344 KB RAM						
	Job		ADIN1200_A0_CHAR						
	Channel Map		ChanMap_pkg32_eng						
	Part								
	Environment								
	Sites		1						
									
									
	Total Execution Time		59.8960540055019						
									
	Flow Step	Line	Total	PreBody	Body	PostBody	TName	TNum	
	PreJob Reset	0	0.601457636259562	0	0	0			
	set-error-bin	5	0.000178168675190626	0	0	0			
	call	6	0.0000210890991580115	0	0	0			
	CharSetup	7	0.0000154902245958155	0	0	0			
	COND_Zero	21	0.0130901098643571	0	0	0			
	Continuity_Pos (1/2)	22	0.0675051501900052	0.0595396293125296	0.00751642881356265	0.000449092063912993	Continuity_Pos		
	Continuity_Pos (1/2)	22	0.0479653840189284	0.0451884659438656	0.00211973445246141	0.000657183622601387	Continuity_Pos		
	Continuity_Neg (1/2)	25	0.0451171113793746	0.0418406491456528	0.00257542074774566	0.000701041485976184	Continuity_Neg	100	
	Continuity_Neg (1/2)	25	0.0796998131514128	0.0770426488156572	0.00205659157237772	0.000600572763377905	Continuity_Neg	100	
	pin2pin_shorts (1/2)	28	0.117177258235553	0	0	0		200	
	pin2pin_shorts (2/2)	28	0.106431771007159	0	0	0		200	
	Powersupply_Shorts	31	0.103554259794547	0	0	0		250	
	COND_CHAR	37	0.0096884816506039	0	0	0		1000	
	Leakage_IIL_Hi_CHAR	38	0.0638498306789591	0	0	0			
	Leakage_IIL_Lo (1/2)	42	0.0576391219593701	0	0	0			
	Leakage_IIL_Lo (2/2)	42	0.0830182047466698	0	0	0			
	Leakage_IIH_Hi_CHAR	45	0.0491437607853603	0	0	0			
	XTAL_Parametrics	47	0.0676850607368577	0	0	0		1200	
	REXT_Voltage	52	0.497046064130003	0	0	0			
	Process_Monitor	54	0.38431736171095	0	0	0			
	Clock_Frequency	64	0.122751872434854	0	0	0			
	MII_TXCLK_Freq	72	0.0798847004788689	0	0	0		1300	
	ADIN1200_Analog_Parametric	78	0.114302857510072	0	0	0			
	ADIN1200_Regulator	81	0.0977774639628683	0	0	0			
	call	94	0.0000372636286568806	0	0	0		2000	
	Func_GEPhy_static_Comp_Scan	5	0.325668389148858	0.322343403324738	0.00299751378689219	0.000327472037226961			
	Func_GEPhy_static_Comp_Logic	6	0.0858371143881273	0.0403529033758611	0.0450895524650855	0.000394658547180704			
	Func_GEPhy_Dynamic_Comp_Scan	7	0.303724216790531	0.300973426802682	0.00243264941131063	0.000318140576538362			
	Func_GEPhy_Dynamic_Comp_Logic	8	0.153198746723424	0.0339907139536701	0.118786312989	0.000421719780754692			
	Func_ROC_static_FS_Scan	9	0.0399369068872597	0.0374831683787557	0.00209951628810625	0.000354222220397737			
	Func_ROC_static_FS_Logic	10	0.0409611901446214	0.0368915538163316	0.0037318996877497	0.000337736640540065			
	return	11	0.0000229553911660574	0	0	0			
	Func_ADIN1200_MLS_adv_Speed_Cfg	98	0.0969698572052222	0.0780442255213186	0.0170821084493843	0.00184352323451922			
	Func_ADIN1200_MLS_frc_Speed_Cfg	99	0.0560793995247197	0.0401385908430884	0.0155747666110736	0.000366042070557704			
	Func_MLS_auto_mdix_Cfg_0_3	100	0.0482534150771096	0.0376651318471998	0.0102147759926309	0.000373507237278936			
	Func_MLS_auto_mdix_Cfg_1_2	101	0.079866846286704	0.0696717285690353	0.00982440991767799	0.000370707799990733			
	Func_IO_Mac_Phy_Cfg	104	0.0436396302107058	0.0373954526542709	0.00588808904394913	0.000356088512485719			
	Func_bscan_jtag	107	0.296131829886775	0.293331272115999	0.00245753330326206	0.000343024467514574			
	Func_Grandlpbk_100T	109	0.178878302521326	0.0792750450944938	0.0991053307221298	0.000497926704702856			
	Func_Grandlpbk_10T	110	0.149748905966361	0.0363297999245832	0.112924600870506	0.000494505171271165			
	Grandlpbk_100T	129	0.224843643611757	0	0	0			
	Grandlpbk_10T	146	0.245061806926502	0	0	0			
	Func_lb_all_dig_b100_Rgmii_dly_on	166	0.346702744164603	0.331347018022555	0.0148994799567545	0.00045624618529363			
	Func_lb_all_dig_b100_Rgmii_dly_off	167	0.0488397418148738	0.0341652122537853	0.0141635388128178	0.000510990748270679			
	Func_lb_all_dig_b10_Rgmii_dly_on	168	0.309314072371466	0.294591330264653	0.0143336824333099	0.000389059673503134			
	Func_lb_all_dig_b10_Rgmii_dly_off	169	0.049354838405476	0.0344610195352088	0.0144074009662608	0.000486417904006409			
	Func_lb_all_dig_b100_mii_gtxclk	170	0.0975860446186678	0.0831737290801206	0.0140462734674513	0.00036604207109594			
	Func_lb_all_dig_b10_mii_gtxclk	171	0.0845773672930223	0.0700599173049662	0.0141479863811517	0.000369463606904397			
	Func_lb_all_dig_b100_mii_txclk	172	0.0849297854278303	0.0702437470663634	0.0142406788811135	0.000445359480353424			
	nop	174	0.0000288653167212161	0	0	0			
	Func_lb_all_dig_b100_Rmii	175	0.270521637947015	0.256094392074197	0.0140176569871317	0.000409588885685785			
	Func_lb_all_dig_b10_Rmii	176	0.338715014411747	0.323866608645141	0.0144596571451169	0.000388748621488766			
	call	177	0.0000385078231571967	0	0	0		3000	
	VOD_100BaseT	12	0.144589044058688	0	0	0			
	VOD_10BaseT	19	0.185193336963637	0	0	0			
	ADC_DC_Offset	32	3.18093041499158	0	0	0			
	return	75	0.0000232664402352256	0	0	0			
	call	178	0.0000285542679433703	0	0	0		4000	
	PowerSupply_SftPd	5	0.167250494646077	0	0	0			
	PowerSupply_RGMII_100T	29	0.670321633653125	0	0	0			
	PowerSupply_RGMII_10T	37	0.687436464422974	0	0	0			
	PowerSupply_MII_100T	45	0.693646862095059	0	0	0			
	PowerSupply_MII_10T	53	0.674548473978635	0	0	0			
	PowerSupply_RMII_100T	61	0.894142922507672	0	0	0			
	PowerSupply_RMII_10T	69	0.70198265530479	0	0	0			
	return	77	0.0000223332937489218	0	0	0			
	call	179	0.0000260658797687441	0	0	0		5000	
	MLS_Spd_Cfg_Threshold	5	2.46147360549923	0	0	0			
	MLS_Auto_MDIX_Cfg_Threshold	12	0.600996973186536	0	0	0			
	VOH_level_8mA	26	0.301537046983101	0	0	0			
	VOH_level_4mA	28	0.0414406405624893	0	0	0			
	VOL_level_8mA	34	0.0673401077647386	0	0	0			
	VOL_level_4mA	36	0.0386648422639849	0	0	0			
	VOL_MDIO_level_4mA	38	0.10412223465955	0	0	0			
	VIH_level	42	0.949087181030954	0	0	0			
	VIL_level	46	0.972083319982758	0	0	0			
	VIH_level_INT_N	50	0.535957319145825	0	0	0			
	VIL_level_INT_N	52	0.51075802249001	0	0	0			
	return	54	0.0000285542680197537	0	0	0			
	call	180	0.0000294874126977263	0	0	0		6000	
	MDIO_Timing	5	0.278997838521433	0	0	0			
	Rst_dly_Timing	8	0.266185432906446	0	0	0			
	RGMII_B100_no_dly_Timing	19	4.28269185248417	0	0	0			
	RGMII_B100_dly_Timing	22	4.48412012575071	0	0	0			
	RGMII_B10_no_dly_Timing	25	4.23294832766159	0	0	0			
	RGMII_B10_dly_Timing	28	4.25247502979116	0	0	0			
	MII_B100_Timing	31	4.36690547946464	0	0	0			
	MII_B10_Timing	34	4.21746805763627	0	0	0			
	MII_TXCLK_B100_Timing	37	6.24538156495341	0	0	0			
	RMII_B100_Timing	43	2.70570528574315	0	0	0			
	RMII_B10_Timing	46	3.02395255139256	0	0	0			
	return	49	0.0000319758038282103	0	0	0			
	IDDQ	181	0.123765891087957	0	0	0		7000	
	set-device	187	0.0000273100713167551	0	0	0			
	stop	188	0.000181590213203542	0	0	0			
	PostJob Reset	9998	0.0180908392732254	0	0	0			
